# Created by Octave 4.0.0, Wed Mar 11 19:33:56 2020 CET <samuelthe@samuelthe-pc>
# name: sig
# type: matrix
# rows: 21
# columns: 1
 2
 0.6180339887498949
 -1.618033988749895
 -1.618033988749894
 0.6180339887498945
 2
 0.6180339887498937
 -1.618033988749894
 -1.618033988749895
 0.6180339887498973
 2
 0.6180339887498959
 -1.618033988749896
 -1.618033988749896
 0.6180339887498936
 2
 0.6180339887498963
 -1.618033988749894
 -1.618033988749892
 0.6180339887498931
 2


