# Created by Octave 4.0.0, Thu Mar 19 17:18:26 2020 CET <samuel@sthe>
# name: y
# type: matrix
# rows: 201
# columns: 1
 -0.2
 -0.1806056324444497
 -0.1452994521897406
 -0.09939448616265721
 -0.04894829190899168
 -9.031770143711731e-18
 0.04214991803274282
 0.07353193506178837
 0.09190433056099402
 0.09691265901047616
 0.09
 0.07408730261939248
 0.05307151483099658
 0.03121139689673033
 0.01248428657274788
 5.051668046482836e-18
 -0.004449844718999239
 -0.0006465637775217143
 0.01003181073024932
 0.02482257507530349
 0.04000000000000001
 0.0514521575315678
 0.05533676241524638
 0.04872739741504606
 0.03016005865099489
 3.444319122601931e-17
 -0.03943056848224325
 -0.08399451255259439
 -0.1281482919089917
 -0.1655789394869862
 -0.19
 -0.1960127480084312
 -0.1799253795489884
 -0.1404218967726719
 -0.07898474376223669
 3.672565502678895e-16
 0.08949132157098465
 0.1803912939285599
 0.2624451129752328
 0.325356434224572
 0.36
 0.3595944688111974
 0.3206943365702292
 0.2438721011761473
 0.1339897687609774
 2.493687044763799e-16
 -0.1457324145472249
 -0.2885437803503756
 -0.412922273928973
 -0.5041550592880608
 -0.55
 -0.5421973199398669
 -0.4776436334789692
 -0.3590780106254713
 -0.1951751336472173
 7.195777176646571e-16
 0.2081538474109642
 0.4084519718180402
 0.5795797747702119
 0.7019748146774523
 0.76
 0.7438213013944402
 0.650773270275208
 0.4860396251206454
 0.262540838420956
 -8.553435264102758e-16
 -0.2767556201622023
 -0.5401158683315543
 -0.76241761549895
 -0.9188157003927483
 -0.9900000000000002
 -0.9644664131749161
 -0.8400832469589459
 -0.6247569446616719
 -0.3360868830821937
 -2.998011656871351e-15
 0.3515377328009393
 0.6835354698909178
 0.961435796115187
 1.154677716433947
 1.24
 1.204132655281294
 1.04557356353018
 0.775229969248542
 0.4158132676309305
 3.866753334132125e-15
 -0.4325001853271749
 -0.8387107764961266
 -1.176634316618923
 -1.409560862801048
 -1.51
 -1.462820027713576
 -1.267244219988919
 -0.9374586988812647
 -0.501719992067161
 1.012887283297463e-15
 0.5196429777409096
 1.005641788147188
 1.408013177010157
 1.68346513949405
 1.8
 1.74052853047176
 1.50509521633515
 1.111443133559842
 0.5938070563909013
 -9.576577098270216e-16
 -0.6129661100421501
 -1.184328504844111
 -1.655572377288891
 -1.976390546512959
 -2.11
 -2.037258163555846
 -1.759126552568888
 -1.297183273284258
 -0.6920744606021277
 8.909851423889494e-15
 0.7124695822308755
 1.374770926586853
 1.919311917455118
 2.288337083857766
 2.44
 2.353008926965839
 2.029338228690126
 1.494679118054536
 0.7965222047008682
 -6.414950394675791e-16
 -0.8181533943071158
 -1.576969053375469
 -2.199231797508854
 -2.619304751528483
 -2.79
 -2.687780820701737
 -2.315730244698852
 -1.70393066787065
 -0.9071502886870904
 1.09263075912233e-14
 0.9300175462708371
 1.790922885209937
 2.495332017450092
 2.969293549525103
 3.16
 3.041573844763537
 2.61830260059509
 1.92493792273263
 1.023958712560831
 -2.075132584162469e-18
 -1.048062038122054
 -2.016632422090236
 -2.807612577278813
 -3.338303477847618
 -3.55
 -3.414387999151234
 -2.937055296378813
 -2.15770088264044
 -1.146947476322049
 -1.378878406624013e-14
 1.172286869860794
 2.254097664016405
 3.13607347699505
 3.726334536496045
 3.96
 3.806223283864835
 3.271988332050034
 2.402219547594098
 1.276116579970763
 1.019385057182301e-15
 -1.302692041487035
 -2.5033186109884
 -3.480714716598768
 -4.133386725470365
 -4.39
 -4.217079698904346
 -3.62310170760877
 -2.658493917593628
 -1.411466023507034
 -1.80786418036012e-14
 1.439277553000746
 2.764295263006271
 3.841536296090004
 4.55946004477059
 4.84
 4.646957244269751
 3.990395423054987
 2.926523992638982
 1.552995806930747
 2.481668576190886e-15
 -1.582043404401987
 -3.037027620069993
 -4.218538215468741
 -5.004554494396727
 -5.31
 -5.095855919961058
 -4.373869478388722
 -3.206309772730245
 -1.700705930241992
 -2.312293148768796e-14
 1.730989595690692
 3.321515682179534
 4.61172047473493
 5.468670074348755
 5.8


# name: y_n
# type: matrix
# rows: 41
# columns: 1
 -0.2
 -9.031770143711731e-18
 0.09
 -1.937323849527059e-17
 0.04000000000000001
 3.444319122601931e-17
 -0.1900000000000001
 3.672565502678895e-16
 0.36
 2.493687044763799e-16
 -0.55
 7.195777176646571e-16
 0.7600000000000002
 -8.553435264102758e-16
 -0.9900000000000002
 -2.998011656871351e-15
 1.24
 -1.009346190021563e-15
 -1.51
 1.012887283297463e-15
 1.8
 -9.576577098270216e-16
 -2.11
 8.909851423889494e-15
 2.44
 -6.414950394675791e-16
 -2.79
 1.09263075912233e-14
 3.16
 -2.382302034894152e-14
 -3.55
 -1.378878406624013e-14
 3.96
 1.019385057182301e-15
 -4.390000000000001
 -1.80786418036012e-14
 4.84
 2.481668576190886e-15
 -5.31
 1.63299539153916e-14
 5.8


# name: y_bn
# type: matrix
# rows: 41
# columns: 1
 1.110596410971709
 -1.487056410777255
 -0.6090579068081563
 -0.2992811195328194
 -1.491386527706126
 -0.3590919961016607
 0.6729592504454425
 0.6223399918266045
 1.804083802769495
 -1.457152481694496
 0.9736582111551133
 0.7005609773221345
 -0.5181354158577589
 -2.342600989088367
 -1.607403203943073
 0.3458593392269676
 0.4905146651540473
 -0.766055782709079
 -0.06760384190508373
 -1.182987577441363
 3.147641993077325
 0.8620665105169085
 -4.175505069178294
 0.6304691490159479
 3.264559622329311
 0.5599108727772183
 -3.13068836522084
 -0.9040883589876795
 2.317990854327757
 0.5164220928075478
 -2.729626905599744
 -0.162161780507253
 3.745682242981753
 0.04802481806885427
 -4.494398809545671
 0.2563895167127622
 4.777541683204879
 1.543151392325832
 -4.9869638876963
 0.8032362103397769
 4.921012403200852


